132	98	130	0	20	1	1	0	8317
64	564	143	4	10	0	0	0	8150
76	198	354	3	13	0	1	1	13155
3	5	7	1	2	0	0	0	501
28	32	52	0	17	0	0	0	2531
3	1	4	0	0	0	0	0	181
0	5	2	0	1	0	0	0	120
2	4	7	0	0	0	0	0	298
896	1177	1519	47	159	11	6	22	123720

                    precision    recall  f1-score   support

       Conservative       0.11      0.02      0.03      8699
        Libertarian       0.27      0.06      0.10      8935
PoliticalDiscussion       0.16      0.03      0.04     13801
     PoliticalHumor       0.02      0.00      0.00       519
         Republican       0.08      0.01      0.01      2660
             Romney       0.00      0.00      0.00       189
          democrats       0.00      0.00      0.00       128
              obama       0.00      0.00      0.00       311
           politics       0.79      0.97      0.87    127557

        avg / total       0.65      0.77      0.69    162799

